18
1 admin
1 特仑苏 35 655
0 特仑苏 35 655
2 admin
2 八喜冰淇淋 8 288
0 八喜冰淇淋 8 288
3 admin
3 伊利纯牛奶 30 188
0 伊利纯牛奶 30 188
4 admin
4 保温杯 50 200
0 保温杯 50 200
5 admin
5 台灯 180 80
0 台灯 180 80
6 admin
6 苹果 2 2000
0 苹果 2 2000
7 admin
7 纸巾 3 500
0 纸巾 3 500
8 admin
8 牙膏 18 3000
0 牙膏 18 3000
9 admin
9 乐事原味薯片 3 1000
0 乐事原味薯片 3 1000
10 admin
10 奥利奥 18 200
0 奥利奥 18 200
11 admin
11 海飞丝洗发水 20 300
0 海飞丝洗发水 20 300
12 admin
12 沐浴露 30 150
0 沐浴露 30 150
13 admin
11 海飞丝洗发水 20 300
11 海飞丝洗发水 20 250
14 admin
2 八喜冰淇淋 8 288
-1 八喜冰淇淋 8 288
15 admin
13 多用插头 28 299
0 多用插头 28 299
16 admin
6 苹果 2 2000
6 苹果 2 2500
17 staff1
14 矿泉水1L 3 300
0 矿泉水1L 3 300
18 staff1
4 保温杯 50 200
4 保温杯 48 200
